1239853
1168192
1327851
6443219
1630892
571479
18486643
18760325
1528612
193507
2905883
506584
1626245
1136410
708418
5256266
1990068
601752
5920219
1804292
1936798
5168517
4751353
6390710
7353437
76339141
9184248
3230643
7460183
47833692
18760325
1528612
2905883
1394168
339244
869601
11590041
3385076
2204952
3912499
246975
749032
2601007
3833006
10146257
18486643
8385034
7751298
506584
1401202
3385076
2204952
3912499
913085
2102913
5091226
951948
1178548
2741337
1277076
1626245
1206916
2483798
2984135
3516150
2106471
7323075
1385019
6011159
869601
1761780
3095017
1075151
1051840
847049
7479902
5168517
7792095
76339141
9667400
20183755
10764831
2086386
1247580
2731507
8447884
761187
2481066
19117324
6763280
10860333
2179761
11773051
894421
3469318
33741943
5346000
815972
783351
592831
753444
787619
519070
520164
4843853
15540357
9601796
2077886
33630508
4602189
19567086
12077050
3155597
1714974
1143170
3197097
4206990
18087332
1028700
